0
24,20
td 0=grass1,grass2,grass3
td 1=water
000000000000000000000000
000000000000000000000000
000000000000000000000000
000000000000000000000000
000000000000000000000000
000000000000000000000000
000000000000000000000000
000000000000000000000000
000000000000000000000000
000000000000000000000000
000000000000000000000000
000000000000000000000000
000000000000000000000000
000000000000000000000000
000000000000000000000000
000000000000000000000000
000000000000000000000000
000000011110000000000000
000000011110000000000000
000000011110000000000000
obj tree 0,-1,2,-1,4,-1,6,-1,8,-1,10,-1,14,-1,16,-1,18,-1,20,-1,22,-1,0,1,0,3,0,5,0,7,0,9,0,11,0,13,0,15,0,17,0,19,2,19,4,19,22,1,22,3,22,5,22,7,22,9,22,11,22,13,22,15,22,17,22,19,20,19,18,19
end